Car 0.0000 0.0000 0.0000 48.0000 191.0000 191.0000 248.0000 1.4776 1.6038 3.8641 -14.3558 2.0151 21.3513 1.5708 1.0000
Car 0.0000 0.0000 0.0000 224.0000 190.0000 307.0000 228.0000 1.4506 1.6382 4.0701 -14.4328 2.1440 30.5039 1.5514 0.9999
Car 0.0000 0.0000 0.0000 669.0000 182.0000 749.0000 241.0000 1.4489 1.5853 3.8861 2.6787 1.6911 20.1743 1.5418 0.9999
Car 0.0000 0.0000 0.0000 699.0000 185.0000 843.0000 285.0000 1.4642 1.5693 3.7394 2.6418 1.6709 12.7086 1.5337 0.9999
Car 0.0000 0.0000 0.0000 368.0000 185.0000 409.0000 209.0000 1.4272 1.5834 3.7143 -14.1587 2.1861 46.4519 1.5505 0.9999
Car 0.0000 0.0000 0.0000 -238.0000 193.0000 24.0000 281.0000 1.4573 1.5909 3.8271 -14.2603 1.8888 14.6427 1.5492 0.9999
Car 0.0000 0.0000 0.0000 739.0000 187.0000 1004.0000 361.0000 1.4228 1.5570 3.7232 2.5335 1.5980 7.9873 1.5674 0.9999
Car 0.0000 0.0000 0.0000 662.0000 182.0000 730.0000 229.0000 1.4338 1.5550 3.7115 2.8331 1.7353 24.3813 1.4887 0.9996
Car 0.0000 0.0000 0.0000 641.0000 178.0000 678.0000 212.0000 1.5251 1.6315 3.8026 2.4643 1.7254 34.1650 -1.4711 0.9996
Car 0.0000 0.0000 0.0000 578.0000 178.0000 634.0000 230.0000 1.5154 1.6391 3.6755 -0.1216 1.6557 22.9842 1.5645 0.9987
Car 0.0000 0.0000 0.0000 924.0000 214.0000 2892.0000 1241.0000 1.4144 1.5068 3.4990 2.7468 1.6668 2.8682 1.5693 0.9981
Car 0.0000 0.0000 0.0000 412.0000 179.0000 445.0000 199.0000 1.5234 1.6136 3.8637 -14.0174 1.9030 56.3066 1.5708 0.9936
Car 0.0000 0.0000 0.0000 104.0000 176.0000 208.0000 219.0000 1.6477 1.7564 4.5806 -18.6752 1.7486 29.9184 1.4854 0.9867
Car 0.0000 0.0000 0.0000 -31643.0000 -1213.0000 14729.0000 4116.0000 1.5183 1.6611 3.9749 -18.3862 2.0083 -0.3462 -0.7304 0.9688
