Car 0.0000 0.0000 0.0000 422.0000 180.0000 512.0000 243.0000 1.5680 1.6651 4.3187 -3.9141 1.7527 20.4270 1.5708 1.0000
Car 0.0000 0.0000 0.0000 304.0000 190.0000 469.0000 296.0000 1.4687 1.5951 3.8729 -3.6575 1.7850 12.4075 1.5708 1.0000
Car 0.0000 0.0000 0.0000 494.0000 185.0000 543.0000 222.0000 1.5185 1.6201 3.9253 -3.9874 2.0397 32.2756 1.5708 1.0000
Car 0.0000 0.0000 0.0000 665.0000 179.0000 757.0000 246.0000 1.5458 1.6285 4.0195 2.5225 1.6809 18.8929 1.5162 1.0000
Car 0.0000 0.0000 0.0000 -7914.0000 203.0000 148.0000 3907.0000 1.8081 1.6546 4.1796 -3.7858 1.9874 2.4812 1.5549 0.9998
Car 0.0000 0.0000 0.0000 651.0000 181.0000 705.0000 223.0000 1.4447 1.5365 3.5360 2.4846 1.7001 26.8362 1.5379 0.9995
Car 0.0000 0.0000 0.0000 723.0000 178.0000 807.0000 209.0000 1.4895 1.6410 3.9611 7.7988 1.7316 36.2847 0.0877 0.9989
Car 0.0000 0.0000 0.0000 909.0000 168.0000 970.0000 200.0000 1.6038 1.6565 4.0852 17.8632 1.3239 39.0664 1.5708 0.9880
Car 0.0000 0.0000 0.0000 511.0000 187.0000 555.0000 217.0000 1.4787 1.5689 3.8109 -3.9065 2.1601 37.5623 -1.4764 0.9858
Car 0.0000 0.0000 0.0000 125.0000 186.0000 246.0000 224.0000 1.4436 1.6629 3.9609 -17.1158 1.9492 29.1678 0.0538 0.9853
Car 0.0000 0.0000 0.0000 752.0000 177.0000 775.0000 195.0000 1.6129 1.6956 4.0789 14.3454 1.8851 66.6089 -1.4505 0.9811
Car 0.0000 0.0000 0.0000 635.0000 180.0000 661.0000 204.0000 1.5254 1.6274 3.8457 2.6452 1.9492 48.5772 1.5708 0.9763
