Car 0.0000 0.0000 0.0000 947.0000 182.0000 1091.0000 242.0000 1.4389 1.5774 3.9337 10.8643 1.6591 19.4684 1.5531 0.9998
Car 0.0000 0.0000 0.0000 1163.0000 177.0000 1361.0000 244.0000 1.4935 1.5813 3.6929 16.1851 1.5795 18.1395 1.5567 0.9997
Car 0.0000 0.0000 0.0000 533.0000 181.0000 568.0000 209.0000 1.4482 1.5994 3.8800 -3.2071 1.8608 39.8834 1.5708 0.9996
Car 0.0000 0.0000 0.0000 1047.0000 183.0000 1173.0000 233.0000 1.4872 1.6137 3.9621 16.3151 1.7921 23.7231 1.5708 0.9996
Car 0.0000 0.0000 0.0000 -254.0000 -1463.0000 3868.0000 610.0000 1.5395 1.5797 3.8000 -2.8425 1.7938 1.1085 1.5576 0.9994
Car 0.0000 0.0000 0.0000 1334.0000 179.0000 1629.0000 270.0000 1.4810 1.5020 3.2873 15.9817 1.5842 13.4818 1.5708 0.9992
Car 0.0000 0.0000 0.0000 1790.0000 182.0000 2567.0000 355.0000 1.4675 1.5031 3.2328 16.2910 1.5768 7.9031 -1.4466 0.9992
Car 0.0000 0.0000 0.0000 -60420.0000 -9568.0000 3179.0000 553.0000 1.4967 1.5401 3.6447 10.9749 1.7645 1.6081 -1.4762 0.9986
Car 0.0000 0.0000 0.0000 1396.0000 187.0000 2195.0000 398.0000 1.5381 1.6311 3.9858 11.0543 1.6969 7.3989 1.5708 0.9960
Car 0.0000 0.0000 0.0000 967.0000 179.0000 1059.0000 218.0000 1.4471 1.5498 3.5581 16.0216 1.6671 28.7431 1.5408 0.9924
Car 0.0000 0.0000 0.0000 887.0000 180.0000 1031.0000 228.0000 1.6201 1.7441 4.2063 12.1915 1.8497 25.3138 0.1231 0.9884
Car 0.0000 0.0000 0.0000 -399.0000 -271.0000 2596.0000 1155.0000 1.5564 1.6761 4.1629 2.9450 1.7588 -0.7465 1.5364 0.9854
