Car 0.0000 0.0000 0.0000 -2078.0000 157.0000 -809.0000 434.0000 1.6138 1.6874 4.0685 -14.1060 1.5391 5.2011 -0.0302 1.0000
Car 0.0000 0.0000 0.0000 491.0000 180.0000 531.0000 210.0000 1.4821 1.5891 3.7765 -5.2679 1.8341 38.9829 1.5708 0.9999
Car 0.0000 0.0000 0.0000 -336.0000 205.0000 113.0000 390.0000 1.4123 1.5148 3.4177 -7.2926 1.8181 7.7709 1.5364 0.9993
Car 0.0000 0.0000 0.0000 610.0000 176.0000 637.0000 201.0000 1.5653 1.6502 3.9110 0.9576 1.7279 48.2707 1.5400 0.9981
Car 0.0000 0.0000 0.0000 -112.0000 190.0000 42.0000 248.0000 1.5396 1.5922 3.8175 -19.5790 2.0645 22.0598 1.4718 0.9980
Car 0.0000 0.0000 0.0000 544.0000 180.0000 565.0000 199.0000 1.5635 1.6780 4.1151 -4.8462 2.1425 64.7793 1.5489 0.9965
Car 0.0000 0.0000 0.0000 924.0000 100.0000 1066.0000 172.0000 1.6912 1.7083 4.1093 10.3621 -0.0968 19.7267 1.5708 0.9960
Car 0.0000 0.0000 0.0000 598.0000 179.0000 624.0000 199.0000 1.5355 1.6171 3.7934 0.1475 1.9768 58.5760 1.4538 0.9948
Car 0.0000 0.0000 0.0000 828.0000 183.0000 883.0000 223.0000 1.4314 1.5234 3.5324 9.5497 1.7905 28.0990 -1.3875 0.9879
Car 0.0000 0.0000 0.0000 977.0000 145.0000 1055.0000 188.0000 1.5769 1.6117 3.7014 16.0620 0.5140 28.6206 -1.3712 0.9842
Car 0.0000 0.0000 0.0000 -77.0000 165.0000 40.0000 208.0000 1.8722 1.7715 4.3330 -29.1772 1.4875 33.6250 1.5458 0.9803
Car 0.0000 0.0000 0.0000 581.0000 182.0000 606.0000 199.0000 1.4489 1.5437 3.5218 -1.3485 2.1918 64.9364 -1.3775 0.9708
Car 0.0000 0.0000 0.0000 188.0000 186.0000 230.0000 202.0000 1.4348 1.5292 3.5103 -37.4975 2.6047 67.6735 -1.3794 0.9704
Car 0.0000 0.0000 0.0000 504.0000 182.0000 531.0000 198.0000 1.4590 1.5362 3.5478 -8.6424 2.2175 68.5379 -1.3880 0.9668
Car 0.0000 0.0000 0.0000 676.0000 181.0000 697.0000 198.0000 1.4462 1.5453 3.5764 7.0442 2.1063 64.8649 -1.3662 0.9654
Car 0.0000 0.0000 0.0000 528.0000 183.0000 559.0000 202.0000 1.4320 1.5227 3.4637 -5.3033 2.1944 58.8964 -1.3660 0.9654
Car 0.0000 0.0000 0.0000 724.0000 182.0000 753.0000 209.0000 1.4521 1.5575 3.5675 7.4839 1.9262 41.5258 -1.3768 0.9642
Car 0.0000 0.0000 0.0000 669.0000 181.0000 688.0000 197.0000 1.4578 1.5574 3.6541 6.6715 2.1135 68.0863 -1.4030 0.9641
