Car 0.0000 0.0000 0.0000 618.0000 184.0000 691.0000 239.0000 1.4539 1.6066 4.1291 1.2481 1.7651 21.6005 1.4897 0.9999
Car 0.0000 0.0000 0.0000 22.0000 197.0000 190.0000 268.0000 1.4758 1.6158 3.9075 -12.4739 2.1100 18.1304 1.5352 0.9999
Car 0.0000 0.0000 0.0000 1254.0000 144.0000 2092.0000 497.0000 1.5444 1.6331 3.9946 6.3450 1.4049 4.4325 -0.2526 0.9998
Car 0.0000 0.0000 0.0000 155.0000 182.0000 275.0000 249.0000 1.9411 1.6893 4.4487 -12.7531 2.2354 23.6070 1.5180 0.9998
Car 0.0000 0.0000 0.0000 615.0000 181.0000 665.0000 223.0000 1.4410 1.5525 3.5740 1.0948 1.7270 26.9781 1.5228 0.9995
Car 0.0000 0.0000 0.0000 1705.0000 118.0000 2458.0000 381.0000 1.5499 1.6682 4.2141 11.1430 1.2082 5.5421 -0.2390 0.9994
Car 0.0000 0.0000 0.0000 2252.0000 95.0000 2701.0000 269.0000 1.5030 1.5349 3.7319 19.4255 0.8157 7.5578 -0.3557 0.9978
Car 0.0000 0.0000 0.0000 1437.0000 149.0000 1756.0000 221.0000 1.4972 1.6369 4.1712 22.7129 1.0023 16.8940 0.7757 0.9942
Car 0.0000 0.0000 0.0000 598.0000 183.0000 626.0000 209.0000 1.5025 1.5999 3.7933 0.1467 2.0398 44.2222 1.5412 0.9903
Car 0.0000 0.0000 0.0000 -3623.0000 281.0000 -1519.0000 635.0000 1.5332 1.7344 4.1484 -26.0931 2.8316 6.6285 1.0838 0.9897
Car 0.0000 0.0000 0.0000 -2579.0000 254.0000 -1180.0000 520.0000 1.4802 1.6082 3.8365 -23.1053 2.5052 7.2440 1.1068 0.9851
