Car 0.0000 0.0000 0.0000 372.0000 178.0000 422.0000 209.0000 1.6532 1.6440 4.1447 -11.8892 1.8653 40.5772 1.5613 0.9999
Car 0.0000 0.0000 0.0000 633.0000 180.0000 671.0000 210.0000 1.4921 1.6051 3.9586 2.3305 1.7998 38.0649 -1.4210 0.9998
Car 0.0000 0.0000 0.0000 678.0000 162.0000 786.0000 254.0000 1.6742 1.5969 3.6633 2.4194 1.4770 15.1286 1.5658 0.9994
Car 0.0000 0.0000 0.0000 -1825.0000 -21239.0000 126095.0000 606.0000 1.5624 1.6068 3.7797 -11.2911 2.1338 1.7588 1.5047 0.9991
Car 0.0000 0.0000 0.0000 157.0000 194.0000 452.0000 306.0000 1.4575 1.6320 4.2431 -4.9530 1.8300 11.8169 -0.5562 0.9990
Car 0.0000 0.0000 0.0000 747.0000 166.0000 908.0000 225.0000 1.5754 1.6971 4.1692 6.2827 1.3829 20.9174 -0.1955 0.9986
Car 0.0000 0.0000 0.0000 617.0000 181.0000 637.0000 200.0000 1.5398 1.6422 3.9890 1.5281 2.1576 60.7760 1.5708 0.9978
Car 0.0000 0.0000 0.0000 -4433.0000 -2069.0000 1329.0000 521.0000 1.7235 1.6687 3.9545 2.5863 1.6204 1.4477 1.5536 0.9962
Car 0.0000 0.0000 0.0000 344.0000 181.0000 398.0000 212.0000 1.4083 1.5150 3.4178 -11.7933 1.7882 35.8365 1.5708 0.9962
Car 0.0000 0.0000 0.0000 -247.0000 214.0000 59.0000 338.0000 1.4862 1.5773 3.7136 -11.0984 2.2417 11.7236 1.4876 0.9943
Car 0.0000 0.0000 0.0000 -362.0000 214.0000 -105.0000 296.0000 1.4748 1.6093 3.7278 -19.2800 2.5137 16.7065 1.5635 0.9892
Car 0.0000 0.0000 0.0000 629.0000 179.0000 657.0000 205.0000 1.5246 1.6071 3.6049 2.0892 1.8391 43.8242 1.5708 0.9816
Car 0.0000 0.0000 0.0000 16.0000 213.0000 143.0000 259.0000 1.4622 1.5912 3.6098 -19.7472 2.9912 27.0058 -0.4654 0.9806
Car 0.0000 0.0000 0.0000 -114.0000 193.0000 0.0000 242.0000 1.4773 1.5804 3.6155 -22.9406 2.1896 24.8970 1.2300 0.9776
Car 0.0000 0.0000 0.0000 341.0000 173.0000 523.0000 244.0000 1.5778 1.6635 3.8732 -4.1906 1.5901 17.1666 0.1754 0.9725
Car 0.0000 0.0000 0.0000 -150608.0000 264.0000 -444.0000 98165.0000 1.4839 1.5938 3.8448 -4.2699 1.8470 1.5484 0.4386 0.9611
