Car 0.0000 0.0000 0.0000 -1274.0000 206.0000 -19.0000 590.0000 1.5713 1.6762 4.0323 -6.2423 1.7998 3.9462 0.0135 0.9999
Car 0.0000 0.0000 0.0000 10.0000 164.0000 347.0000 276.0000 1.5490 1.6753 4.1920 -6.4460 1.4332 10.9951 0.0541 0.9999
Car 0.0000 0.0000 0.0000 691.0000 176.0000 792.0000 249.0000 1.4769 1.5452 3.5674 2.8758 1.5316 16.4797 1.5423 0.9997
Car 0.0000 0.0000 0.0000 772.0000 166.0000 1061.0000 349.0000 1.4711 1.5329 3.2797 2.8380 1.4251 7.5011 1.5485 0.9996
Car 0.0000 0.0000 0.0000 717.0000 175.0000 871.0000 279.0000 1.4685 1.5322 3.3880 2.8715 1.5018 11.9910 1.5231 0.9996
Car 0.0000 0.0000 0.0000 672.0000 177.0000 749.0000 232.0000 1.4523 1.5243 3.4782 2.8494 1.5555 21.0463 1.4985 0.9992
Car 0.0000 0.0000 0.0000 -21474.0000 -14924.0000 1333.0000 488.0000 1.4689 1.5536 3.7554 2.7537 1.5760 1.7731 1.5708 0.9985
Car 0.0000 0.0000 0.0000 -18432.0000 -26750.0000 97431.0000 4091.0000 1.5265 1.6444 3.9435 -6.5140 1.7307 0.9534 0.0929 0.9978
Car 0.0000 0.0000 0.0000 -4345.0000 196.0000 -651.0000 4383.0000 4.7952 0.8145 1.9810 5.3453 -0.0850 -1.8717 1.5495 0.9947
Car 0.0000 0.0000 0.0000 -43341.0000 -1995.0000 347744.0000 20372.0000 1.5467 1.6306 4.0960 34.0608 1.8410 0.5340 0.1635 0.9887
