Car 0.0000 0.0000 0.0000 636.0000 169.0000 712.0000 219.0000 1.4962 1.5978 3.6998 2.0151 1.3545 23.4510 1.4205 1.0000
Car 0.0000 0.0000 0.0000 721.0000 176.0000 861.0000 268.0000 1.4992 1.5450 3.5908 3.2658 1.5563 13.7177 1.5055 0.9999
Car 0.0000 0.0000 0.0000 615.0000 172.0000 671.0000 215.0000 1.5552 1.5877 3.6100 1.2748 1.5209 28.4623 1.4500 0.9999
Car 0.0000 0.0000 0.0000 550.0000 163.0000 588.0000 189.0000 1.5720 1.6216 3.6753 -2.5184 0.9245 46.2844 -1.4047 0.9998
Car 0.0000 0.0000 0.0000 -5408.0000 -8450.0000 13855.0000 1881.0000 1.4359 1.5677 3.5565 -4.3665 1.7351 0.2964 -0.1858 0.9997
Car 0.0000 0.0000 0.0000 607.0000 172.0000 651.0000 209.0000 1.5954 1.6330 3.8989 0.8948 1.5503 34.0324 1.4900 0.9997
Car 0.0000 0.0000 0.0000 -24.0000 171.0000 359.0000 326.0000 1.5371 1.5863 3.5992 -4.9579 1.5262 8.5508 -0.2920 0.9997
Car 0.0000 0.0000 0.0000 208.0000 164.0000 430.0000 256.0000 1.5605 1.6138 3.6970 -5.3987 1.3926 13.6705 -0.3250 0.9993
Car 0.0000 0.0000 0.0000 -731.0000 192.0000 209.0000 519.0000 1.5234 1.6581 4.0418 -5.2874 1.6994 5.2375 -0.4940 0.9993
Car 0.0000 0.0000 0.0000 415.0000 149.0000 469.0000 186.0000 1.5066 1.6442 4.1174 -7.3843 0.5008 32.1322 1.5109 0.9983
Car 0.0000 0.0000 0.0000 332.0000 167.0000 482.0000 228.0000 1.5185 1.5915 3.6363 -5.4544 1.3375 19.4195 -0.4806 0.9977
Car 0.0000 0.0000 0.0000 462.0000 169.0000 485.0000 188.0000 1.5975 1.6594 4.0335 -12.1549 1.2089 64.9196 1.4912 0.9954
Car 0.0000 0.0000 0.0000 609.0000 172.0000 635.0000 195.0000 1.5681 1.6501 4.0729 1.0123 1.4309 51.7004 1.5708 0.9947
Car 0.0000 0.0000 0.0000 364.0000 169.0000 494.0000 220.0000 1.5566 1.6309 3.7829 -5.8292 1.4366 23.2871 0.3148 0.9945
Car 0.0000 0.0000 0.0000 423.0000 173.0000 499.0000 215.0000 1.4836 1.4963 3.3031 -5.5675 1.4594 27.4427 -1.3046 0.9931
Car 0.0000 0.0000 0.0000 450.0000 151.0000 489.0000 183.0000 1.5694 1.6464 4.1358 -7.3152 0.4558 38.0412 1.4718 0.9930
Car 0.0000 0.0000 0.0000 -7251.0000 -2268.0000 1277.0000 1270.0000 1.7701 1.7363 4.2937 2.8224 1.2624 1.7368 1.5239 0.9915
Car 0.0000 0.0000 0.0000 572.0000 154.0000 598.0000 177.0000 1.5429 1.6720 4.1098 -1.7276 0.2192 51.3046 1.4820 0.9720
Car 0.0000 0.0000 0.0000 352.0000 159.0000 395.0000 184.0000 1.5296 1.6395 3.8898 -15.2665 0.6289 46.8757 1.5307 0.9690
Car 0.0000 0.0000 0.0000 641.0000 155.0000 675.0000 183.0000 1.5341 1.6132 3.9312 2.7325 0.5120 40.5775 1.5675 0.9602
