Car 0.0000 0.0000 0.0000 701.0000 139.0000 893.0000 287.0000 2.0413 1.8177 4.6639 2.9013 1.5763 12.3767 1.5141 0.9999
Car 0.0000 0.0000 0.0000 677.0000 178.0000 743.0000 225.0000 1.4652 1.5561 3.7138 3.3045 1.6007 24.2859 1.5322 0.9999
Car 0.0000 0.0000 0.0000 636.0000 175.0000 680.0000 208.0000 1.4661 1.6113 3.8213 2.2478 1.5158 34.0699 1.5179 0.9999
Car 0.0000 0.0000 0.0000 618.0000 174.0000 652.0000 203.0000 1.4854 1.6151 3.8764 1.3759 1.5245 39.1381 1.5429 0.9997
Car 0.0000 0.0000 0.0000 394.0000 172.0000 517.0000 223.0000 1.5890 1.6417 3.8584 -5.2083 1.5460 24.2412 -0.3453 0.9994
Car 0.0000 0.0000 0.0000 567.0000 170.0000 590.0000 191.0000 1.6007 1.6819 4.0008 -2.4581 1.2936 57.0983 1.4971 0.9994
Car 0.0000 0.0000 0.0000 297.0000 174.0000 473.0000 252.0000 1.5514 1.5989 3.5636 -5.0085 1.5784 16.0387 -0.3693 0.9993
Car 0.0000 0.0000 0.0000 122.0000 173.0000 428.0000 304.0000 1.6025 1.6203 3.7351 -4.7311 1.6018 10.4248 -0.4563 0.9992
Car 0.0000 0.0000 0.0000 361.0000 182.0000 501.0000 245.0000 1.5100 1.5546 3.3978 -4.7440 1.7380 19.0909 -0.3904 0.9989
Car 0.0000 0.0000 0.0000 -138.0000 176.0000 354.0000 374.0000 1.5098 1.5817 3.6649 -4.6584 1.5528 7.1845 -0.5255 0.9988
Car 0.0000 0.0000 0.0000 843.0000 195.0000 1564.0000 612.0000 1.5112 1.5948 3.7539 2.8467 1.6994 4.6462 1.5708 0.9982
Car 0.0000 0.0000 0.0000 588.0000 159.0000 607.0000 178.0000 1.5689 1.6108 4.2420 -0.9206 0.3577 62.0637 1.5666 0.9982
Car 0.0000 0.0000 0.0000 490.0000 172.0000 529.0000 207.0000 1.5479 1.6285 4.1574 -4.7577 1.4996 34.7928 1.4908 0.9953
Car 0.0000 0.0000 0.0000 479.0000 152.0000 515.0000 179.0000 1.5099 1.5891 3.8472 -6.6076 0.2645 42.9305 1.5569 0.9932
Car 0.0000 0.0000 0.0000 -4183.0000 -178.0000 8014.0000 599.0000 1.5263 1.6111 3.8672 -14.7837 0.7204 0.4624 1.5128 0.9919
Car 0.0000 0.0000 0.0000 493.0000 164.0000 524.0000 188.0000 1.5299 1.6059 3.8493 -6.7466 0.9084 48.8117 1.5555 0.9883
Car 0.0000 0.0000 0.0000 403.0000 165.0000 518.0000 208.0000 1.6950 1.7121 4.3557 -6.1517 1.3509 29.9704 0.1587 0.9878
Car 0.0000 0.0000 0.0000 -883.0000 189.0000 207.0000 572.0000 1.5051 1.6361 3.8078 -4.8095 1.6365 4.4958 -0.4290 0.9866
Car 0.0000 0.0000 0.0000 608.0000 172.0000 637.0000 198.0000 1.5280 1.6061 3.9236 0.8230 1.4539 44.7340 1.5520 0.9845
Car 0.0000 0.0000 0.0000 715.0000 180.0000 736.0000 200.0000 1.5831 1.6098 3.9903 9.9709 2.1273 61.4616 -1.4491 0.9717
