Car 0.0000 0.0000 0.0000 -340.0000 284.0000 145.0000 2865.0000 6.8990 0.7186 1.1766 2.5262 -0.5163 -2.7198 -0.8816 0.9997
Car 0.0000 0.0000 0.0000 -238.0000 122.0000 145.0000 282.0000 2.1332 1.8561 4.5847 -9.8257 1.4714 10.8913 0.1619 0.9996
Car 0.0000 0.0000 0.0000 -649.0000 147.0000 27.0000 4970.0000 7.1498 0.5007 0.6673 1.7029 0.0375 -1.4865 -1.4408 0.9992
Car 0.0000 0.0000 0.0000 -891.0000 129.0000 -346.0000 315.0000 1.7690 1.6915 4.0555 -13.4830 1.3683 7.9864 0.1549 0.9980
Car 0.0000 0.0000 0.0000 1442.0000 170.0000 1782.0000 250.0000 1.5073 1.6445 4.1129 21.4916 1.4555 15.7802 1.5357 0.9896
Car 0.0000 0.0000 0.0000 -1030.0000 200.0000 -640.0000 286.0000 1.4853 1.5745 4.0455 -30.5594 2.0935 15.4887 1.1311 0.9860
Car 0.0000 0.0000 0.0000 664.0000 181.0000 723.0000 220.0000 1.4766 1.5832 3.8998 3.4244 1.7740 29.9116 1.4567 0.9764
Car 0.0000 0.0000 0.0000 -1012.0000 177.0000 -636.0000 247.0000 1.5062 1.6090 3.8244 -34.3493 1.5905 17.4817 1.4763 0.9757
Car 0.0000 0.0000 0.0000 824.0000 167.0000 887.0000 197.0000 1.4930 1.6308 3.8780 12.7621 1.1460 37.4820 1.4700 0.9725
Car 0.0000 0.0000 0.0000 1965.0000 -387.0000 5749.0000 339.0000 1.8251 1.8196 4.4556 12.8464 0.4208 4.0948 1.4794 0.9689
Car 0.0000 0.0000 0.0000 -455.0000 191.0000 -262.0000 251.0000 1.4525 1.5793 3.7533 -26.9663 1.9702 20.2122 1.1604 0.9684
Car 0.0000 0.0000 0.0000 663.0000 162.0000 700.0000 189.0000 1.5002 1.5857 3.8574 4.1561 0.8543 41.7157 1.5393 0.9667
Car 0.0000 0.0000 0.0000 -5898.0000 -150.0000 -2129.0000 240.0000 1.6329 1.6458 3.9837 -27.5167 0.2962 5.1065 -1.3674 0.9649
Car 0.0000 0.0000 0.0000 1912.0000 179.0000 2703.0000 313.0000 1.4724 1.6076 3.9438 22.3572 1.5569 9.9501 1.5708 0.9637
Car 0.0000 0.0000 0.0000 -620.0000 189.0000 -269.0000 280.0000 1.4555 1.5052 3.9703 -20.2299 1.7820 14.1260 1.3931 0.9636
Car 0.0000 0.0000 0.0000 581.0000 174.0000 612.0000 196.0000 1.4862 1.6183 3.9882 -0.9161 1.5414 52.7110 1.3773 0.9627
Car 0.0000 0.0000 0.0000 -305.0000 191.0000 -126.0000 248.0000 1.4373 1.4633 3.9754 -24.3528 1.9958 21.4404 1.3442 0.9625
