Car 0.0000 0.0000 0.0000 -1261.0000 1034.0000 -1018.0000 26361.0000 169.5300 0.2178 0.1011 14.3614 -7.5985 -6.2525 -0.0576 1.0000
Car 0.0000 0.0000 0.0000 713.0000 178.0000 789.0000 246.0000 1.4473 1.5449 3.5358 3.2801 1.5467 17.2224 -1.4354 0.9995
Car 0.0000 0.0000 0.0000 -4266.0000 1721.0000 -3026.0000 35314.0000 78.5873 0.1483 0.0735 12.4231 -5.3114 -2.3927 -0.4865 0.9983
Car 0.0000 0.0000 0.0000 671.0000 178.0000 711.0000 204.0000 1.5182 1.5554 3.6784 4.9578 1.7575 43.2208 -1.2232 0.9973
Car 0.0000 0.0000 0.0000 -2413.0000 636.0000 -1721.0000 2956.0000 12.7789 1.0095 0.5318 17.5019 -3.4420 -4.8315 0.8270 0.9971
Car 0.0000 0.0000 0.0000 796.0000 176.0000 821.0000 196.0000 1.6240 1.5676 4.1073 17.0123 1.8128 61.4165 -1.4099 0.9948
Car 0.0000 0.0000 0.0000 733.0000 170.0000 764.0000 189.0000 1.5526 1.6465 4.1056 11.7078 1.2118 60.0181 -1.1706 0.9938
Car 0.0000 0.0000 0.0000 801.0000 172.0000 827.0000 191.0000 1.6686 1.6377 4.1314 19.0364 1.5488 66.8267 -1.4488 0.9928
Car 0.0000 0.0000 0.0000 3590.0000 341.0000 8170.0000 969.0000 1.5513 1.6582 3.8065 28.3959 3.0866 4.7264 1.5708 0.9923
Car 0.0000 0.0000 0.0000 798.0000 176.0000 821.0000 197.0000 1.5993 1.5584 3.9571 15.5128 1.7321 55.7690 -1.3261 0.9912
Car 0.0000 0.0000 0.0000 766.0000 176.0000 789.0000 196.0000 1.6058 1.5456 4.0642 14.4755 1.8202 61.7015 -1.4317 0.9883
Car 0.0000 0.0000 0.0000 771.0000 172.0000 792.0000 190.0000 1.5232 1.5807 3.8288 16.0534 1.3996 66.8309 -1.4243 0.9878
Car 0.0000 0.0000 0.0000 -59474.0000 -2844.0000 24362.0000 8683.0000 2.9295 1.4859 1.2090 18.0353 0.4952 -0.3509 1.0142 0.9758
