Car 0.0000 0.0000 0.0000 -8770.0000 329.0000 -2443.0000 1801.0000 1.4877 1.5649 3.6781 -12.3618 2.0347 1.7665 0.0542 1.0000
Car 0.0000 0.0000 0.0000 398.0000 170.0000 507.0000 229.0000 1.6458 1.7616 4.4795 -4.7097 1.5579 22.3013 -1.4122 0.9999
Car 0.0000 0.0000 0.0000 338.0000 180.0000 424.0000 216.0000 1.5595 1.6249 3.8548 -10.6104 1.8707 33.3921 0.5366 0.9994
Car 0.0000 0.0000 0.0000 69.0000 159.0000 310.0000 240.0000 1.5745 1.6576 4.0953 -8.6554 1.3018 14.9953 0.0547 0.9989
Car 0.0000 0.0000 0.0000 -26.0000 184.0000 254.0000 280.0000 1.5178 1.5883 3.8374 -8.5683 1.7260 12.6209 0.0031 0.9984
Car 0.0000 0.0000 0.0000 -138.0000 197.0000 151.0000 323.0000 1.5013 1.6268 3.7976 -8.7040 1.8585 10.3422 0.3952 0.9983
Car 0.0000 0.0000 0.0000 197.0000 181.0000 330.0000 254.0000 1.5517 1.6066 3.7030 -8.3737 1.7265 17.2452 0.7483 0.9870
Car 0.0000 0.0000 0.0000 255.0000 183.0000 401.0000 235.0000 1.5329 1.6445 3.8772 -8.6941 1.8362 22.3677 0.0939 0.9825
Car 0.0000 0.0000 0.0000 471.0000 184.0000 521.0000 219.0000 1.4547 1.5583 3.7937 -5.0762 1.9516 32.7471 1.5708 0.9694
Car 0.0000 0.0000 0.0000 440.0000 152.0000 479.0000 186.0000 1.5887 1.6388 3.8515 -7.3864 0.5857 35.7927 1.4216 0.9656
