Car 0.0000 0.0000 0.0000 269.0000 175.0000 484.0000 253.0000 1.5501 1.6503 4.1044 -4.9478 1.6073 15.5950 0.0164 1.0000
Car 0.0000 0.0000 0.0000 -1318.0000 -980.0000 2615.0000 756.0000 1.5094 1.6833 4.1639 -4.5678 1.7878 0.5715 1.2227 1.0000
Car 0.0000 0.0000 0.0000 -1368.0000 210.0000 138.0000 695.0000 1.5323 1.6260 4.0618 -4.7195 1.7516 3.2237 0.0122 1.0000
Car 0.0000 0.0000 0.0000 672.0000 176.0000 746.0000 231.0000 1.4846 1.5996 3.8231 2.8919 1.5695 21.7249 1.5488 0.9999
Car 0.0000 0.0000 0.0000 690.0000 181.0000 820.0000 267.0000 1.4957 1.5970 3.9767 2.7983 1.6432 14.7550 1.5041 0.9999
Car 0.0000 0.0000 0.0000 368.0000 165.0000 519.0000 222.0000 1.5929 1.6727 4.0623 -4.8639 1.3678 21.3580 0.0648 0.9999
Car 0.0000 0.0000 0.0000 653.0000 180.0000 708.0000 223.0000 1.4834 1.5784 3.7430 2.5851 1.6985 26.9622 1.5483 0.9999
Car 0.0000 0.0000 0.0000 781.0000 187.0000 1106.0000 377.0000 1.4524 1.6087 3.8195 3.0877 1.6207 7.6511 1.5530 0.9999
Car 0.0000 0.0000 0.0000 423.0000 177.0000 542.0000 221.0000 1.5342 1.6558 3.9317 -4.5286 1.6552 26.0328 0.0708 0.9998
Car 0.0000 0.0000 0.0000 647.0000 180.0000 699.0000 214.0000 1.4601 1.5753 3.7175 2.8280 1.7197 32.4053 1.4476 0.9996
Car 0.0000 0.0000 0.0000 -10332.0000 -4267.0000 1346.0000 533.0000 1.4563 1.5966 4.0160 3.1205 1.7655 1.6528 1.4907 0.9993
Car 0.0000 0.0000 0.0000 467.0000 178.0000 555.0000 214.0000 1.6131 1.6368 3.7262 -4.5600 1.8335 33.5459 0.1813 0.9990
Car 0.0000 0.0000 0.0000 636.0000 174.0000 664.0000 198.0000 1.5185 1.5940 3.6868 2.7014 1.5239 47.4548 1.5708 0.9990
Car 0.0000 0.0000 0.0000 -6089.0000 -2.0000 -2573.0000 292.0000 1.5652 1.6159 3.7840 -35.2168 0.6386 5.8439 1.2896 0.9979
Car 0.0000 0.0000 0.0000 640.0000 178.0000 678.0000 209.0000 1.5026 1.6329 3.7163 2.5389 1.7022 37.1768 1.5646 0.9962
Car 0.0000 0.0000 0.0000 -1913.0000 91.0000 -1094.0000 224.0000 1.7459 1.6904 4.0270 -33.1498 0.6738 11.6313 -1.4257 0.9962
Car 0.0000 0.0000 0.0000 -1479.0000 168.0000 -646.0000 332.0000 1.4827 1.5910 3.6400 -18.6909 1.4479 8.5022 1.3630 0.9956
Car 0.0000 0.0000 0.0000 547.0000 176.0000 573.0000 200.0000 1.5595 1.6475 4.1241 -3.4221 1.7512 51.0318 1.5477 0.9953
Car 0.0000 0.0000 0.0000 373.0000 140.0000 440.0000 179.0000 1.7264 1.7720 4.4618 -9.7389 0.2229 35.0063 1.5708 0.9933
Car 0.0000 0.0000 0.0000 547.0000 175.0000 569.0000 197.0000 1.8132 1.7355 4.3079 -4.3252 1.8981 61.6748 1.5031 0.9869
