Car 0.0000 0.0000 0.0000 51.0000 188.0000 158.0000 233.0000 1.4540 1.5685 3.8759 -18.5618 2.0131 26.6544 1.4583 0.9978
Car 0.0000 0.0000 0.0000 -1282.0000 209.0000 151.0000 4842.0000 5.9683 0.6632 1.8859 2.3832 -0.1384 -1.9837 -1.1410 0.9975
Car 0.0000 0.0000 0.0000 -40.0000 189.0000 47.0000 224.0000 1.4654 1.5409 3.7755 -27.9372 2.1899 33.3208 1.3587 0.9942
Car 0.0000 0.0000 0.0000 588.0000 180.0000 614.0000 202.0000 1.4999 1.5627 3.6818 -0.5941 1.9520 52.6532 1.4873 0.9923
Car 0.0000 0.0000 0.0000 -1012.0000 194.0000 -666.0000 270.0000 1.4831 1.5465 4.0058 -34.0382 2.0137 17.1394 1.1152 0.9920
Car 0.0000 0.0000 0.0000 -866.0000 132.0000 -350.0000 322.0000 1.7954 1.7160 4.1563 -13.5799 1.4289 8.0795 0.2090 0.9889
Car 0.0000 0.0000 0.0000 -146.0000 189.0000 -48.0000 232.0000 1.4787 1.5934 3.7703 -27.0447 2.0912 27.6600 1.1109 0.9825
Car 0.0000 0.0000 0.0000 -10377.0000 -101.0000 -2625.0000 525.0000 1.5282 1.5934 3.9143 -26.3742 0.8746 3.7183 1.5708 0.9733
Car 0.0000 0.0000 0.0000 -1025.0000 199.0000 -617.0000 281.0000 1.4262 1.5076 3.9069 -30.5765 2.0405 15.6542 1.3571 0.9731
Car 0.0000 0.0000 0.0000 190.0000 185.0000 227.0000 201.0000 1.4086 1.4654 3.7095 -37.6503 2.5103 67.8057 1.5663 0.9715
Car 0.0000 0.0000 0.0000 -120344.0000 -1738.0000 4857.0000 7965.0000 1.7132 1.6029 3.6665 20.0197 0.3885 1.6638 1.5357 0.9700
Car 0.0000 0.0000 0.0000 -165.0000 192.0000 12.0000 251.0000 1.4364 1.5837 3.8166 -19.1734 1.9750 20.3438 1.5011 0.9685
