Car 0.0000 0.0000 0.0000 760.0000 183.0000 1012.0000 342.0000 1.5143 1.6176 3.9322 3.0736 1.6433 8.9904 1.5708 1.0000
Car 0.0000 0.0000 0.0000 717.0000 182.0000 846.0000 271.0000 1.4888 1.5776 3.7270 3.2055 1.6568 14.1779 1.5601 1.0000
Car 0.0000 0.0000 0.0000 -10237.0000 -7551.0000 25464.0000 5524.0000 1.5262 1.6472 3.9620 -4.6704 1.6816 1.9586 1.3390 0.9999
Car 0.0000 0.0000 0.0000 434.0000 172.0000 551.0000 215.0000 1.6029 1.6888 4.2177 -4.4835 1.5503 28.0045 0.0581 0.9999
Car 0.0000 0.0000 0.0000 668.0000 179.0000 757.0000 236.0000 1.5164 1.6755 4.0541 2.9419 1.6634 21.3658 1.4735 0.9999
Car 0.0000 0.0000 0.0000 -627.0000 142.0000 278.0000 486.0000 1.6749 1.6771 4.0964 -4.5461 1.5479 4.5063 0.0809 0.9999
Car 0.0000 0.0000 0.0000 386.0000 176.0000 528.0000 229.0000 1.5022 1.6599 4.2966 -4.7515 1.5902 22.2316 0.5404 0.9999
Car 0.0000 0.0000 0.0000 654.0000 182.0000 695.0000 215.0000 1.4547 1.5558 3.5738 2.9969 1.8328 33.5305 1.5696 0.9998
Car 0.0000 0.0000 0.0000 -81.0000 151.0000 423.0000 349.0000 1.6971 1.6408 4.1353 -4.2041 1.5316 7.1726 0.0946 0.9998
Car 0.0000 0.0000 0.0000 668.0000 179.0000 724.0000 221.0000 1.5281 1.6548 4.0726 3.3325 1.7292 28.2755 1.5641 0.9996
Car 0.0000 0.0000 0.0000 474.0000 179.0000 566.0000 213.0000 1.4643 1.5944 3.8041 -4.0044 1.7227 32.6003 0.1468 0.9994
Car 0.0000 0.0000 0.0000 973.0000 170.0000 3473.0000 1233.0000 1.5039 1.6104 3.8978 3.2342 1.5211 2.9824 1.5708 0.9994
Car 0.0000 0.0000 0.0000 124.0000 175.0000 438.0000 307.0000 1.5795 1.5875 3.7405 -4.4586 1.6182 9.8404 0.2476 0.9980
Car 0.0000 0.0000 0.0000 503.0000 180.0000 575.0000 212.0000 1.7364 1.6197 3.6831 -3.8781 2.0643 40.1894 0.1546 0.9938
Car 0.0000 0.0000 0.0000 -157.0000 166.0000 133.0000 279.0000 1.4760 1.6204 3.8618 -9.5901 1.3940 11.5255 1.4679 0.9839
Car 0.0000 0.0000 0.0000 658.0000 180.0000 689.0000 209.0000 1.4884 1.5455 3.5126 3.4409 1.8189 39.0075 1.5708 0.9649
