Car 0.0000 0.0000 0.0000 7.0000 173.0000 194.0000 246.0000 1.7727 1.7854 4.7531 -13.8466 1.7785 19.9941 1.5708 1.0000
Car 0.0000 0.0000 0.0000 663.0000 183.0000 728.0000 232.0000 1.4295 1.5401 3.5236 2.6675 1.7188 22.9058 1.5467 0.9999
Car 0.0000 0.0000 0.0000 -673.0000 199.0000 -242.0000 310.0000 1.4878 1.6178 3.9848 -17.9232 1.9836 12.4597 1.5328 0.9998
Car 0.0000 0.0000 0.0000 199.0000 188.0000 281.0000 222.0000 1.4289 1.6956 4.3360 -17.3365 2.1349 34.0554 1.5590 0.9997
Car 0.0000 0.0000 0.0000 696.0000 184.0000 870.0000 291.0000 1.5144 1.6370 4.0398 2.7660 1.7054 12.5257 1.4577 0.9997
Car 0.0000 0.0000 0.0000 650.0000 184.0000 698.0000 223.0000 1.4079 1.5084 3.4741 2.4993 1.8376 28.4366 1.5483 0.9996
Car 0.0000 0.0000 0.0000 626.0000 183.0000 660.0000 213.0000 1.4404 1.5136 3.4818 1.7148 1.9290 37.6187 1.5478 0.9995
Car 0.0000 0.0000 0.0000 779.0000 188.0000 1178.0000 412.0000 1.4049 1.5808 3.8003 2.8464 1.5638 6.6264 1.5297 0.9993
Car 0.0000 0.0000 0.0000 -2926.0000 216.0000 -1003.0000 531.0000 1.4768 1.6297 3.8824 -18.2720 1.9247 5.8210 1.5488 0.9990
Car 0.0000 0.0000 0.0000 -171.0000 193.0000 17.0000 260.0000 1.4811 1.5353 3.5102 -17.6204 2.0186 18.6790 1.5708 0.9851
