Car 0.0000 0.0000 0.0000 307.0000 184.0000 518.0000 260.0000 1.4574 1.6134 3.9765 -4.0541 1.6978 15.1331 0.0457 1.0000
Car 0.0000 0.0000 0.0000 685.0000 148.0000 825.0000 248.0000 1.5616 1.6468 4.2022 2.5145 1.1752 13.5239 1.5408 0.9999
Car 0.0000 0.0000 0.0000 85.0000 191.0000 230.0000 255.0000 1.4174 1.5579 3.6382 -11.4799 1.8916 18.5320 1.5307 0.9999
Car 0.0000 0.0000 0.0000 304.0000 185.0000 378.0000 221.0000 1.4351 1.6078 3.8515 -11.7244 1.9460 31.6895 1.5708 0.9994
Car 0.0000 0.0000 0.0000 635.0000 170.0000 678.0000 209.0000 1.5056 1.6634 4.1412 1.9190 1.3841 30.2499 1.5708 0.9993
Car 0.0000 0.0000 0.0000 665.0000 175.0000 746.0000 236.0000 1.4610 1.5149 3.3580 2.4453 1.5016 19.0883 1.5151 0.9985
Car 0.0000 0.0000 0.0000 456.0000 175.0000 554.0000 212.0000 1.5090 1.6113 3.9481 -4.4886 1.5858 31.0076 0.4746 0.9981
Car 0.0000 0.0000 0.0000 330.0000 183.0000 400.0000 227.0000 1.4651 1.5745 3.7389 -8.8849 1.8032 26.4720 1.4890 0.9949
Car 0.0000 0.0000 0.0000 216.0000 183.0000 306.0000 230.0000 1.4096 1.5343 3.4862 -11.5149 1.7222 24.0204 1.4984 0.9933
Car 0.0000 0.0000 0.0000 154.0000 184.0000 360.0000 324.0000 1.5457 1.6098 3.6568 -5.0426 1.7044 9.9897 0.8324 0.9899
Car 0.0000 0.0000 0.0000 500.0000 178.0000 566.0000 204.0000 1.4704 1.5882 3.8374 -4.5829 1.7520 43.2878 0.6183 0.9670
Car 0.0000 0.0000 0.0000 715.0000 134.0000 770.0000 173.0000 1.4822 1.6174 3.8239 5.5295 -0.0740 30.2485 1.5708 0.9655
Car 0.0000 0.0000 0.0000 345.0000 182.0000 491.0000 241.0000 1.5648 1.6390 3.8670 -5.4769 1.8003 20.4833 0.4395 0.9620
