Car 0.0000 0.0000 0.0000 460.0000 173.0000 531.0000 215.0000 1.5867 1.7159 4.3143 -4.6404 1.5829 30.0459 -1.4198 1.0000
Car 0.0000 0.0000 0.0000 -554.0000 235.0000 -132.0000 367.0000 1.4572 1.6000 3.7752 -12.5099 2.3359 9.5508 0.0806 0.9999
Car 0.0000 0.0000 0.0000 255.0000 166.0000 409.0000 219.0000 1.5730 1.6870 4.2410 -8.7173 1.3725 22.8190 0.0567 0.9989
Car 0.0000 0.0000 0.0000 218.0000 178.0000 374.0000 234.0000 1.5054 1.6170 3.7404 -8.8811 1.6359 20.5567 0.0399 0.9986
Car 0.0000 0.0000 0.0000 395.0000 180.0000 457.0000 207.0000 1.4480 1.6044 3.8431 -10.5836 1.8339 41.5498 0.7346 0.9973
Car 0.0000 0.0000 0.0000 -6580.0000 -450.0000 5445.0000 573.0000 1.6822 1.5949 3.5727 12.7711 1.0321 0.4388 -1.4039 0.9972
Car 0.0000 0.0000 0.0000 -465.0000 194.0000 -282.0000 251.0000 1.5478 1.6462 3.8482 -30.6916 2.2247 22.6308 1.1712 0.9884
Car 0.0000 0.0000 0.0000 469.0000 160.0000 509.0000 187.0000 1.5740 1.6379 3.8383 -7.2413 0.7699 43.8014 1.5708 0.9880
Car 0.0000 0.0000 0.0000 350.0000 182.0000 450.0000 220.0000 1.5206 1.5841 3.6918 -8.7115 1.8582 30.1112 0.0879 0.9872
Car 0.0000 0.0000 0.0000 -569.0000 194.0000 -398.0000 240.0000 1.5005 1.6470 3.9162 -40.6656 2.2856 26.9212 1.1604 0.9870
Car 0.0000 0.0000 0.0000 310.0000 183.0000 428.0000 229.0000 1.5025 1.6011 3.6689 -8.4163 1.8504 25.2196 0.3067 0.9789
Car 0.0000 0.0000 0.0000 496.0000 182.0000 524.0000 198.0000 1.3907 1.5173 3.4171 -9.3113 2.1830 68.3924 -1.3512 0.9746
